25 138
0 1
2 3
0 2
1 3
1 2
4 5
4 5
0 4
2 6
2 4
1 5
3 7
3 5
1 2
3 4
7 8
7 8
10 11
10 11
7 11
9 13
9 11
8 10
8 9
10 11
0 8
4 12
4 8
2 10
6 14
6 10
2 4
6 8
1 9
5 13
5 9
3 11
7 15
7 11
3 5
7 9
1 2
3 4
5 6
7 8
9 10
13 14
13 14
16 17
16 17
13 17
15 19
15 17
14 16
14 15
16 17
19 20
19 20
22 23
22 23
19 23
21 25
21 23
20 22
20 21
22 23
13 21
17 25
17 21
15 23
19 27
19 23
15 17
19 21
14 22
18 26
18 22
16 20
16 18
20 22
14 15
16 17
18 19
20 21
22 23
0 16
8 24
8 16
4 20
12 28
12 20
4 8
12 16
2 18
10 26
10 18
6 22
14 30
14 22
6 10
14 18
2 4
6 8
10 12
14 16
18 20
1 17
9 25
9 17
5 21
13 29
13 21
5 9
13 17
3 19
11 27
11 19
7 23
15 31
15 23
7 11
15 19
3 5
7 9
11 13
15 17
19 21
1 2
3 4
5 6
7 8
9 10
11 12
13 14
15 16
17 18
19 20
21 22
