10000 10000
0 832 1498 2316 73
7 4576 6838 3593 877
4 4717 9616 1235 46
4 3720 3027 2610 5762
2 8604 9980 1290 3
9 3572 9123 5744 275
0 207 2084 4687 4508
10 9052 9020 841 655
0 2200 549 893 3162
4 891 4996 5691 3352
10 9685 2939 189 2549
8 522 8750 7895 368
6 9846 9060 16 216
6 2847 8992 2182 10
7 1765 7311 5060 59
7 3149 3222 3286 4292
4 1671 2144 1488 6008
7 584 472 7767 2387
1 5227 4703 1693 3296
6 8583 7959 610 1737
2 7481 2746 308 13
5 4530 2238 4618 6553
8 3083 3755 6863 6140
5 9746 6612 86 2732
1 128 7094 3075 289
1 2465 3105 4145 4465
5 6998 572 560 2930
5 6592 6893 779 872
8 8301 2899 1056 236
9 9907 7562 63 617
6 5723 8402 2230 405
6 5544 1111 3125 5246
9 429 3423 6101 6251
9 9433 4477 220 4043
4 4062 4990 2555 2086
2 4199 6204 454 2391
6 7536 1286 926 4425
9 5590 8036 424 1278
0 2805 1386 2262 802
2 3293 4879 4400 4805
7 2724 8487 4093 1299
2 2757 7410 6969 2386
7 4394 7995 2230 296
10 2446 765 2739 3208
6 2360 4752 81 3399
3 888 4800 1748 3197
5 7208 7561 2732 612
10 5712 9726 199 230
2 7147 5494 2218 1781
2 437 5150 4478 4524
6 1186 3259 8714 2530
9 3611 6758 5380 1548
5 2673 6343 3176 2037
5 2518 3207 6240 6195
9 5661 7576 4035 2060
0 2614 5151 365 4404
10 2655 8026 7291 1655
2 5076 2449 2399 5126
5 963 2481 4442 6547
5 4981 7319 1461 46
3 6952 7035 626 761
1 7936 1374 1737 2950
10 8399 2371 1267 6652
3 758 3919 5412 5998
7 5339 768 1082 2874
4 2596 9533 167 324
2 8714 1013 1276 6392
5 9218 5293 390 3993
9 9639 4484 267 2831
9 6081 9950 2486 15
0 470 7561 5011 2159
0 4759 6100 3359 394
3 5242 9625 1565 51
7 8603 7934 252 234
5 15 1180 2835 4259
7 6826 8755 1097 549
1 5327 9580 3832 61
4 5667 5864 1852 63
6 2604 4316 3097 4591
3 2319 6995 357 2899
7 7989 1114 794 3385
5 1762 7571 3019 829
1 3138 6148 2792 2847
6 8352 7150 146 2623
7 3539 7723 5601 1965
4 6093 7271 1780 2351
10 3763 5169 5043 916
8 9438 8278 362 1365
3 9140 7100 434 953
8 9119 4332 405 2073
7 4766 9946 1630 16
10 7439 4231 1002 483
2 44 2799 2460 2060
3 4198 1680 3471 586
9 6737 3843 283 5595
3 6388 4558 2494 2019
5 7101 8082 1013 1884
3 272 7174 5358 945
5 3202 7945 137 241
2 8602 5917 643 1979
