100000 100000
9 37520 37709 53884 43089
9 94513 30879 4438 66438
5 76470 42986 2510 26885
7 17343 16685 17757 51312
1 87567 76459 6275 7346
6 41298 59671 9979 22531
8 49655 86975 14190 9052
5 39076 25293 44629 36436
0 6643 60199 18651 3373
3 8394 31586 7945 60324
9 93542 13751 436 25158
6 24102 62111 36447 6934
9 95226 66442 4551 30836
9 63433 65301 16218 953
6 33828 708 33425 13994
2 34539 34270 18242 13387
0 52947 6033 3051 51196
10 9294 34223 32655 64058
9 57359 75067 12165 17994
0 48291 63947 6791 35621
1 18197 51351 11596 17098
1 16293 2844 58440 35608
4 232 37439 66846 19432
0 72523 19046 135 5061
9 18130 68367 67547 24887
7 72017 17914 12841 80908
1 54441 70184 861 1455
10 96672 96776 2949 858
2 16775 75718 68202 13427
6 51973 19829 29952 10525
5 72499 84295 23586 11300
6 98768 29061 844 125
7 76357 78897 882 15353
7 90208 28956 2622 25932
10 58617 9527 3992 78265
10 28803 24895 56008 35366
9 28295 91051 23248 1902
6 76399 37597 5934 31691
6 80319 72198 11324 21267
9 55731 25165 25115 28235
7 36163 56250 4776 1293
4 30536 52588 1239 28905
3 6499 80766 31118 17424
10 55225 90334 36257 3560
4 48205 92142 35671 2022
7 35834 63301 12408 3435
2 19136 32386 17626 39074
2 44292 68691 53356 22893
5 65737 40296 13454 50084
0 74881 73959 3031 15645
7 3437 33812 54457 51351
8 33353 60667 13337 23222
8 95275 6986 2552 23692
0 94751 31170 239 12926
8 36785 70422 14784 20321
0 462 61025 56154 28224
0 59544 86566 12006 10341
6 64070 47620 35478 39954
9 35534 83440 15547 10232
2 86474 89720 11515 5638
1 74684 29987 20726 21268
6 93636 95673 4600 3331
6 91040 4681 3829 5102
8 88819 24978 3305 12201
10 39267 87944 53732 1320
5 50509 82642 33851 6703
3 88793 2132 7388 10732
7 51133 65132 1406 24213
9 87024 57036 9162 21590
6 81144 362 16253 55484
3 67496 56710 24225 23776
0 63819 95622 29111 2704
0 31021 1195 16443 65224
9 64221 64074 35250 13153
6 77358 54872 20632 18111
5 88864 46284 4331 6453
4 29831 90476 17641 7117
0 72329 71300 20060 14705
2 25426 30679 68172 31256
6 41877 79011 54560 17334
8 1862 66510 46131 23775
7 60208 49794 32313 28960
2 66193 65634 14757 3904
5 24143 43703 14102 12757
1 49370 95229 33342 1869
1 38458 10736 5452 10516
8 12304 98958 85234 813
4 60687 13868 12421 35906
8 14830 50293 6535 47023
6 2442 54081 68344 31797
9 96011 15665 3673 79646
3 16253 64769 36848 21449
3 65400 66609 3999 810
1 28789 39358 49696 9448
2 8405 37797 55740 48023
9 34381 69433 8967 6476
3 58249 82750 21539 670
2 81133 85323 392 1232
9 83466 85891 12542 13850
5 90766 51214 7575 6454
