100 100
5 25 45 5 54
1 37 82 46 2
3 9 90 55 2
1 88 70 11 2
3 53 38 45 22
10 1 13 80 80
5 85 57 2 16
9 63 41 9 31
6 19 5 14 75
9 7 66 38 33
7 32 24 65 34
4 55 68 40 7
0 90 63 6 32
6 88 90 3 5
6 31 68 57 21
7 95 78 2 3
8 64 88 34 6
1 10 25 47 67
2 58 33 33 24
0 36 13 38 32
8 12 40 80 8
5 26 88 61 3
2 81 46 18 30
0 69 22 14 68
0 59 81 34 2
0 45 35 28 22
4 70 28 3 21
6 37 89 63 1
8 4 2 64 46
7 69 14 30 18
6 30 23 12 73
1 2 67 51 8
10 79 42 17 29
4 47 94 40 3
0 31 6 6 53
3 17 66 49 4
7 92 35 5 27
1 46 17 50 27
5 0 72 26 21
0 8 5 81 8
0 34 61 15 20
1 48 32 42 43
1 38 39 10 34
2 15 93 44 3
6 68 30 7 49
8 91 54 5 20
9 1 70 41 4
7 22 44 52 30
6 71 40 29 12
8 52 45 36 14
9 80 69 1 14
6 46 40 8 44
9 12 85 60 2
4 40 47 54 20
0 61 22 34 62
9 51 64 22 31
4 65 31 32 60
0 72 90 5 9
6 15 30 11 50
6 36 33 53 49
1 55 0 43 53
10 33 47 26 2
0 3 25 68 37
0 2 93 41 7
7 37 62 47 9
1 87 37 11 55
2 18 67 25 12
9 71 13 27 70
0 74 83 24 16
8 55 57 29 43
7 5 20 22 33
1 70 58 9 4
7 65 66 31 28
8 22 41 39 50
7 55 25 45 49
8 75 58 13 36
6 33 23 25 28
10 8 60 18 20
1 8 20 58 43
2 36 95 38 4
7 57 58 35 39
2 32 17 43 31
1 40 16 40 23
10 75 84 4 13
3 66 87 8 8
3 89 2 9 47
5 55 75 13 18
1 34 72 64 16
9 15 0 38 28
1 79 18 13 72
1 52 47 42 20
2 19 31 56 18
1 46 65 8 1
0 45 3 23 5
3 40 32 59 51
2 89 30 11 28
2 51 29 35 18
6 67 5 32 87
9 14 18 70 29
3 86 95 12 2
