100 100
6 20 20 25 64
7 65 84 7 2
8 7 52 40 19
5 41 8 14 4
6 21 29 58 26
8 35 78 42 1
7 64 43 13 34
9 24 18 4 25
6 42 52 38 42
9 7 75 73 14
5 92 2 1 54
0 38 12 53 6
4 51 8 2 17
4 14 84 21 4
6 46 71 26 15
4 56 21 41 11
8 42 72 8 12
5 70 70 6 1
3 70 71 5 16
9 67 38 29 44
5 70 30 18 37
0 6 93 93 3
0 78 42 5 32
1 66 7 33 38
8 33 59 59 15
10 37 29 20 54
6 35 86 23 12
5 39 78 55 3
9 34 22 34 60
4 85 26 10 10
6 75 77 22 4
8 92 14 8 14
1 3 5 2 85
7 27 5 33 62
9 73 71 14 6
10 36 60 51 6
6 69 4 17 12
5 45 70 47 19
1 3 77 66 5
7 58 83 18 17
2 46 77 6 5
0 24 21 48 48
10 43 51 32 32
0 40 77 36 9
6 76 78 7 22
10 12 2 1 18
0 95 34 2 58
9 23 95 52 4
5 77 37 15 4
5 14 76 5 17
10 8 60 74 16
1 73 20 24 58
10 89 81 9 15
9 32 85 44 7
4 33 24 32 53
4 93 73 5 16
3 81 76 16 20
10 1 50 8 42
5 81 26 11 22
10 29 45 23 41
5 76 90 16 3
4 80 73 3 10
1 72 61 9 19
9 42 52 31 36
8 59 70 10 9
2 21 44 76 31
3 94 83 4 8
3 63 23 28 73
9 86 87 10 11
6 72 29 12 45
3 39 84 44 15
5 22 95 22 1
9 48 42 22 45
4 47 66 22 5
3 30 42 70 13
4 80 90 19 10
10 22 35 50 31
9 43 14 49 7
6 48 52 34 8
0 74 80 19 14
1 48 52 49 15
7 44 31 30 20
3 6 32 29 45
7 41 79 58 19
6 64 93 13 1
8 3 8 35 1
10 61 56 16 34
10 12 67 87 21
8 3 64 81 30
5 56 4 28 35
9 34 55 3 43
4 36 83 47 6
6 0 5 5 6
0 94 20 5 48
8 62 76 27 2
10 21 52 45 23
4 5 44 35 56
4 62 35 29 22
4 80 29 13 40
0 0 23 62 36
3 15 52 6 48
6 45 29 41 48
8 18 59 45 17
4 5 2 47 85
10 90 12 1 30
3 17 53 36 32
4 17 27 68 30
2 60 3 17 3
0 28 22 37 57
2 91 36 6 9
8 48 21 41 44
2 57 38 16 44
7 90 12 8 22
4 45 64 33 34
5 70 69 20 5
10 49 3 18 70
5 95 24 2 23
2 89 79 9 8
4 21 1 58 47
7 1 72 70 15
0 4 57 85 15
1 2 39 18 30
6 24 87 6 9
10 50 46 43 40
8 17 43 76 11
9 52 1 36 77
3 64 69 36 28
0 51 74 44 26
6 22 72 69 11
7 76 75 21 11
7 48 8 4 78
5 23 2 69 79
2 80 36 19 11
3 29 94 8 6
1 29 2 31 95
7 87 32 7 1
6 82 67 17 26
9 9 29 83 49
2 94 88 1 3
2 10 75 56 22
3 6 73 44 26
6 38 67 3 32
6 85 86 15 6
9 53 22 1 73
7 75 21 21 13
4 34 35 35 32
2 95 1 4 8
4 70 41 28 3
1 25 10 67 10
5 17 1 48 36
9 71 48 26 45
0 54 80 4 8
0 76 41 17 32
9 51 91 49 2
10 35 47 24 21
0 38 17 58 19
6 73 54 8 38
6 5 13 36 67
10 48 80 46 17
0 93 3 5 30
8 71 47 4 27
5 10 87 42 8
5 79 31 5 67
0 71 59 16 4
10 18 48 15 13
6 69 35 5 21
9 61 62 21 26
4 40 7 7 65
6 93 50 1 35
8 77 21 17 70
4 10 37 29 11
6 1 74 51 21
10 22 74 26 10
4 24 59 63 5
4 46 23 5 8
4 92 8 5 32
8 35 91 58 3
4 6 65 49 33
6 10 52 64 22
1 2 38 2 40
7 8 40 36 54
4 34 8 29 26
10 17 65 39 24
2 17 91 42 6
3 93 56 6 20
10 27 53 38 41
9 7 80 92 17
5 66 52 21 1
1 40 34 24 13
4 0 75 9 1
5 20 60 19 33
8 6 21 36 31
1 81 79 19 2
4 87 83 5 10
4 37 89 1 2
5 0 80 43 17
10 20 9 21 75
5 27 44 52 53
2 43 85 20 14
3 59 70 26 10
7 76 54 23 26
4 86 42 7 15
2 11 88 41 4
7 64 58 33 25
3 93 52 2 20
1 38 14 26 36
6 74 94 4 6
3 57 51 7 27
2 93 83 6 4
5 80 51 17 39
10 67 60 30 40
1 52 61 4 27
7 1 38 62 28
6 5 84 23 4
5 67 16 10 73
9 0 78 21 17
4 8 65 82 18
9 78 0 1 24
8 78 23 3 38
4 62 4 13 83
9 32 93 21 1
1 79 53 4 47
3 66 47 28 26
9 11 4 12 70
7 71 17 9 15
7 21 0 61 5
0 22 54 56 16
5 62 74 9 8
3 73 79 16 14
9 10 45 69 50
9 63 39 24 25
1 61 47 16 50
1 27 65 38 6
2 37 24 2 63
3 89 66 2 22
6 28 37 15 29
5 83 27 14 68
5 49 62 3 13
3 64 15 27 66
1 0 93 29 6
10 18 31 13 8
3 76 30 9 29
5 45 48 24 15
2 17 0 68 60
6 21 93 43 1
3 69 35 31 36
10 14 43 7 6
2 61 77 37 3
4 44 40 10 51
10 79 51 15 11
8 49 43 7 36
8 90 89 6 9
6 78 25 7 45
8 57 43 10 17
4 90 13 4 11
10 60 54 36 25
9 50 75 8 17
7 41 49 10 1
1 90 48 8 25
2 76 19 6 66
3 7 67 64 31
2 72 94 27 1
5 90 92 8 6
3 81 37 9 38
9 48 21 3 51
0 78 78 17 2
4 51 59 12 21
9 47 87 33 12
6 12 81 66 12
6 56 93 36 5
4 68 39 4 60
6 69 33 9 65
8 12 32 22 2
7 15 40 26 17
7 95 88 2 12
3 78 4 18 7
8 64 46 32 45
0 61 85 27 1
8 27 45 18 27
4 68 21 2 18
6 78 12 5 29
7 75 16 23 77
9 46 68 31 12
8 4 85 96 10
0 31 49 64 44
6 0 61 51 13
2 13 50 1 34
9 18 78 63 22
3 58 86 29 3
6 51 56 37 20
0 53 84 25 11
1 46 2 44 78
4 36 89 63 8
3 79 50 10 43
5 45 59 9 24
3 74 44 17 7
3 95 77 1 14
7 30 27 6 17
9 51 66 25 33
0 62 45 10 52
5 58 74 10 16
5 93 10 5 75
8 40 41 28 16
2 3 60 79 3
8 59 93 9 2
0 35 91 39 1
0 20 25 35 69
8 68 7 13 75
10 27 77 39 19
0 5 22 25 33
6 84 72 5 1
5 5 20 71 8
3 55 9 6 79
7 95 57 3 30
9 1 88 85 10
5 17 91 53 6
7 62 1 17 19
8 10 30 6 27
10 50 84 9 6
1 29 91 43 5
10 4 9 74 11
5 79 77 21 10
9 48 33 34 12
7 67 58 14 1
4 34 56 58 8
9 19 39 42 4
7 93 68 5 23
2 51 95 32 1
5 87 61 3 39
6 26 5 19 63
0 29 51 2 38
1 56 22 1 16
2 7 87 81 12
1 64 42 5 54
1 10 55 73 20
9 9 71 84 4
10 73 80 13 8
5 54 51 27 25
2 93 56 4 43
3 58 82 22 5
7 40 88 29 4
7 50 51 50 30
8 94 39 5 21
2 28 61 40 35
5 75 6 22 48
8 57 87 20 8
1 40 51 15 35
6 18 22 34 47
5 92 45 1 8
4 64 62 11 4
9 86 0 5 52
1 87 54 2 36
2 75 65 9 5
9 53 53 13 39
4 41 84 51 8
2 0 34 4 16
8 56 84 32 11
1 92 42 5 10
2 94 54 6 5
2 8 87 12 10
3 8 15 88 35
9 85 66 11 6
7 15 10 84 64
0 36 87 7 8
3 76 63 2 15
10 27 42 37 45
0 9 48 38 11
0 93 71 3 10
1 70 21 27 56
3 19 45 53 38
1 49 25 51 72
7 53 41 44 10
2 11 12 23 35
7 4 22 57 66
9 55 11 14 21
8 33 47 45 10
2 46 20 42 28
6 69 35 1 62
3 48 74 41 12
8 13 22 35 1
7 25 31 24 59
5 11 67 50 4
4 33 53 65 22
2 77 23 20 7
2 15 89 24 11
5 46 60 41 5
7 34 39 50 51
3 17 54 38 3
6 80 92 15 7
3 45 46 1 45
1 61 55 4 26
3 88 77 7 14
9 66 82 28 8
4 22 87 57 11
4 78 20 4 57
7 11 58 63 32
0 41 19 33 4
2 81 90 10 7
2 73 60 8 2
1 43 6 7 40
9 62 63 3 3
1 8 72 33 4
7 94 76 2 2
9 69 91 22 3
10 59 92 11 8
3 81 87 19 5
8 32 79 43 11
7 15 15 23 22
6 73 16 20 28
8 48 3 18 67
1 43 32 9 21
1 49 37 27 21
9 36 51 19 22
9 14 38 45 10
2 60 61 17 25
3 60 17 6 32
1 33 42 1 33
4 72 50 17 8
2 5 14 78 53
5 6 36 59 42
1 92 82 2 1
6 55 27 35 19
1 71 1 12 11
9 70 82 1 15
3 90 8 6 54
10 71 86 26 10
3 90 16 2 15
7 89 1 1 22
7 57 27 36 24
7 47 14 46 34
0 50 24 25 58
2 80 62 19 22
9 47 49 23 18
4 89 40 8 43
2 94 66 4 9
10 91 19 5 27
6 37 77 50 22
0 80 20 19 77
8 18 15 41 22
1 15 25 18 9
3 60 65 23 34
0 30 52 59 19
6 23 0 7 62
5 56 27 34 32
5 16 71 33 18
4 73 51 18 44
1 5 61 69 4
3 36 10 1 6
3 91 54 9 9
4 61 93 19 1
3 76 13 5 6
8 47 17 50 55
1 10 50 82 12
3 51 44 10 43
5 4 61 79 5
7 42 16 4 61
5 28 31 65 30
3 85 55 1 15
0 54 66 24 3
0 25 42 75 7
4 71 90 26 4
9 82 52 15 39
4 90 55 4 4
8 68 17 32 71
10 87 87 13 10
8 94 79 2 14
1 93 23 5 71
2 27 4 73 46
1 7 2 18 31
0 46 62 21 21
6 64 19 3 72
2 78 32 17 3
3 43 58 8 26
3 72 61 6 4
8 61 28 32 44
7 91 31 2 11
4 7 75 85 3
8 62 73 16 24
10 95 5 5 14
8 3 43 4 47
4 74 82 1 7
5 37 36 53 53
10 56 35 12 19
5 49 10 41 58
1 53 46 42 53
7 78 23 14 35
7 66 2 17 20
8 75 6 13 12
8 59 79 20 2
8 50 31 30 6
1 39 38 18 28
0 27 70 27 4
7 5 11 8 26
1 41 24 27 68
3 56 49 6 36
2 18 54 27 4
5 86 90 10 3
7 54 1 25 54
10 70 18 20 57
2 22 62 21 24
5 18 59 19 38
1 35 81 18 14
9 79 37 7 19
4 4 72 96 23
6 33 40 36 35
5 87 13 2 32
1 76 47 24 11
4 11 59 47 40
9 12 86 33 1
3 76 54 23 5
2 77 69 13 24
4 22 15 26 54
9 3 15 49 52
5 20 15 33 56
6 83 30 9 63
9 32 5 16 78
6 25 33 31 8
5 64 81 6 9
1 14 42 61 42
9 34 26 1 59
6 32 89 15 4
0 47 36 7 13
1 76 19 24 55
7 46 73 36 23
1 70 77 5 4
8 93 63 2 24
4 16 28 16 1
7 91 50 9 42
9 85 49 4 32
10 51 35 38 43
9 87 69 1 12
5 6 85 76 15
4 41 22 50 15
4 72 23 3 47
10 17 46 70 54
7 60 79 40 3
3 41 20 48 28
6 94 77 6 20
2 69 10 24 52
2 94 12 4 7
2 61 55 15 26
5 38 85 56 6
6 59 4 29 28
1 78 31 2 51
10 65 1 23 36
5 91 24 3 28
5 88 36 6 21
4 44 53 11 27
10 7 74 29 7
3 8 44 5 42
6 36 0 31 100
4 8 24 50 62
10 28 4 46 59
8 57 6 21 49
9 19 66 62 17
7 39 47 51 12
5 83 47 12 7
10 39 55 39 38
8 34 39 51 20
7 60 42 33 3
5 58 95 30 3
4 11 49 86 6
4 25 63 15 29
3 40 13 31 1
0 80 56 18 18
9 2 95 36 3
8 10 82 85 5
6 93 56 2 13
7 60 68 13 12
0 89 49 9 38
7 89 28 8 37
7 71 74 7 8
8 65 58 8 35
6 29 4 49 11
4 92 12 4 4
1 0 5 79 30
10 43 78 24 20
2 83 88 13 6
6 55 41 1 38
5 43 78 48 13
9 21 56 79 31
3 41 51 28 26
8 42 21 12 8
4 84 64 8 34
0 48 15 9 45
3 84 89 7 4
3 33 61 15 18
5 36 17 23 7
2 86 25 2 7
4 26 39 18 5
5 38 15 9 36
1 10 25 62 74
1 40 34 51 12
6 34 65 37 32
5 8 41 80 19
8 32 10 19 44
6 95 33 2 42
3 19 80 15 19
1 43 57 13 7
6 1 36 76 39
3 15 92 12 6
7 86 1 5 47
7 8 33 49 7
7 95 38 5 27
6 11 93 16 6
8 80 35 17 9
10 35 74 16 4
3 14 82 74 5
5 10 26 23 30
8 12 6 70 59
6 32 1 29 42
10 10 48 77 40
8 37 0 10 12
8 65 43 12 11
4 42 24 11 3
0 91 94 8 1
6 24 9 71 1
6 94 58 4 7
0 7 61 69 34
4 55 37 8 5
5 46 91 38 3
2 16 5 17 82
3 28 93 6 3
8 59 79 21 14
5 29 89 29 6
2 81 92 2 6
0 19 64 34 17
1 56 51 14 17
0 42 17 46 60
2 24 14 32 22
0 16 59 30 36
4 5 53 36 31
10 82 75 12 24
7 56 47 27 34
5 80 93 10 5
5 68 33 30 66
3 16 81 7 2
2 60 30 30 33
7 18 61 34 33
1 0 14 80 59
2 56 1 5 5
8 88 59 8 28
8 27 66 37 17
9 77 78 18 19
4 4 91 83 5
1 5 80 3 8
0 26 80 11 13
1 45 36 20 6
8 13 89 5 7
2 80 79 5 6
8 2 89 9 8
0 6 0 56 48
4 60 0 38 54
9 93 19 6 63
0 22 91 70 1
5 56 56 27 32
7 59 84 34 14
5 62 77 15 4
5 31 11 8 64
7 1 65 15 31
5 18 50 59 45
1 72 88 20 3
1 75 25 22 32
5 16 84 29 3
6 52 24 39 54
6 58 67 11 24
9 89 54 7 1
5 65 44 25 47
4 66 91 24 2
4 26 81 67 8
0 95 51 3 1
4 73 74 20 16
4 54 59 3 35
6 62 71 12 13
9 84 91 11 5
4 72 81 10 3
7 77 35 14 2
2 16 92 78 4
2 82 27 3 66
4 56 11 17 55
2 3 49 30 39
0 53 29 28 57
3 83 9 3 52
1 50 55 25 7
3 17 74 14 24
2 61 23 26 12
2 75 40 8 43
9 2 23 43 34
10 15 34 73 27
6 75 55 22 23
6 24 59 45 13
8 94 49 5 51
1 81 48 11 16
9 11 69 35 11
3 0 45 6 30
6 10 37 69 3
2 91 5 8 86
7 52 68 13 27
1 57 7 8 27
6 12 91 68 2
3 20 9 59 21
4 64 66 33 28
7 40 31 17 31
3 56 71 38 13
10 29 70 51 6
1 6 30 16 45
1 41 58 22 19
2 5 15 57 10
3 21 31 34 24
3 89 2 7 91
0 90 30 1 19
9 53 2 2 39
5 94 70 5 23
9 47 86 53 5
1 47 57 26 3
8 5 75 9 3
1 50 26 1 69
5 95 79 1 20
6 87 34 13 59
0 9 49 52 34
7 46 66 27 8
6 79 71 11 19
10 89 46 4 20
7 11 15 62 23
8 87 12 5 13
8 2 42 2 45
0 31 3 44 36
5 61 65 13 1
9 50 88 8 3
8 75 95 6 1
2 39 71 12 16
6 9 20 71 58
3 30 62 41 21
3 47 25 47 36
6 5 46 60 22
3 64 74 32 11
8 82 3 17 23
8 17 82 22 17
8 43 34 19 60
0 93 56 7 1
4 29 8 8 82
8 19 71 69 28
0 70 10 28 13
2 41 63 56 18
0 93 73 3 12
4 10 46 51 14
7 85 71 10 25
8 48 59 5 10
0 87 3 6 8
4 68 68 20 4
3 48 57 29 42
10 38 32 48 33
5 41 57 21 10
10 86 27 1 44
2 58 21 33 11
7 13 14 60 10
2 71 27 4 34
7 1 65 88 7
8 13 85 22 14
9 64 63 2 16
8 49 55 12 42
8 60 4 39 34
0 57 12 22 79
8 12 84 26 4
1 77 13 4 83
8 41 95 46 1
7 60 60 22 2
6 63 70 33 14
10 55 29 41 53
1 0 13 30 33
1 32 56 10 15
8 22 26 64 64
6 93 23 6 32
7 65 89 18 8
7 11 59 13 18
8 67 15 27 64
10 14 75 18 17
6 49 22 49 77
8 28 46 2 50
1 58 1 18 9
10 52 80 19 13
0 93 6 3 51
2 6 71 29 5
6 72 4 26 66
10 0 84 51 2
9 74 48 17 40
7 40 2 30 40
9 58 71 27 18
6 21 55 33 34
0 47 87 48 1
5 86 64 2 9
0 71 14 25 18
9 45 69 44 31
1 5 20 85 23
10 89 6 11 29
5 64 27 11 22
6 29 89 18 10
7 52 36 44 42
6 86 1 4 67
8 5 68 61 28
8 9 59 23 40
0 10 65 51 28
7 42 65 8 7
10 93 72 2 18
2 14 80 67 9
7 74 92 2 4
4 42 22 44 61
10 19 64 45 4
7 17 4 62 15
8 60 79 16 2
3 12 86 55 12
8 16 38 38 15
3 34 65 25 4
4 39 45 50 24
1 90 52 5 47
1 20 69 42 19
1 76 29 19 61
9 92 41 1 33
7 52 50 10 12
9 7 77 28 21
0 77 92 8 1
4 20 30 75 44
10 79 67 16 17
10 42 27 47 67
6 75 23 22 10
7 66 46 29 35
0 52 47 4 17
10 44 86 39 3
10 54 77 28 7
10 42 95 14 1
1 75 84 22 2
2 9 51 91 38
8 58 59 33 33
6 49 42 47 39
8 36 12 48 5
6 40 28 40 47
7 6 71 74 24
6 90 81 7 3
9 57 80 10 7
5 14 1 27 56
4 25 90 7 5
2 1 21 94 65
9 59 92 41 8
10 36 78 56 2
2 84 16 11 53
4 63 45 33 31
1 60 28 19 10
6 7 61 69 13
6 83 87 12 9
5 56 31 38 34
10 21 53 7 19
4 74 39 24 42
9 5 88 74 1
7 79 59 21 24
5 20 6 21 72
1 95 58 3 20
9 46 45 9 30
5 70 64 18 13
5 57 64 38 27
4 75 90 22 4
8 8 0 45 61
5 50 88 15 1
8 9 67 25 10
9 31 48 32 32
6 80 9 13 57
8 61 37 20 57
10 15 37 72 47
10 66 41 15 35
9 42 23 30 31
10 63 75 6 24
2 71 23 26 40
3 81 46 2 33
10 1 23 95 59
2 61 86 33 11
8 9 84 22 5
3 2 93 78 3
10 23 28 8 11
4 89 41 1 55
1 37 52 27 20
6 44 42 32 49
4 0 40 69 45
0 23 14 50 10
9 65 86 31 11
8 36 78 26 14
0 22 91 77 5
6 60 80 19 17
4 9 38 77 28
7 90 55 3 38
5 75 45 13 26
2 27 48 31 19
7 13 20 68 4
5 54 77 1 1
2 81 41 3 15
7 35 88 4 6
5 60 28 21 36
4 75 39 11 14
3 71 67 6 1
9 45 33 51 67
6 67 82 28 8
8 56 31 20 24
5 30 1 26 18
4 44 52 6 3
4 52 56 24 12
8 25 16 11 38
4 48 52 37 21
2 33 17 28 2
10 18 80 37 2
9 68 5 15 5
1 17 20 48 47
1 40 38 43 58
10 20 28 44 39
0 4 0 36 84
3 3 75 9 20
3 16 21 58 39
6 69 65 14 12
3 15 0 78 43
3 39 30 50 31
9 82 39 8 53
2 20 60 77 22
7 1 38 91 45
1 4 30 27 30
1 26 23 23 7
9 28 5 9 94
1 29 16 65 31
2 38 49 48 37
2 85 25 9 47
0 79 48 5 49
10 72 56 18 43
4 54 23 28 7
4 56 86 12 10
10 44 43 54 36
3 63 46 34 49
4 31 58 36 38
1 53 84 6 1
8 86 66 1 30
0 48 54 10 10
5 69 88 11 1
3 25 62 24 16
7 30 25 52 56
10 15 59 40 28
7 22 66 69 27
1 58 23 2 55
1 70 39 4 9
6 66 17 20 39
9 89 84 8 16
5 31 38 50 42
8 33 53 31 39
10 50 35 42 42
8 45 63 18 5
1 43 43 15 14
4 43 51 55 6
0 65 53 25 42
10 70 70 27 19
2 93 32 5 33
10 40 10 45 2
5 90 78 6 2
4 16 86 77 1
5 71 73 3 5
3 29 19 46 55
1 15 1 67 33
7 44 20 14 53
8 26 59 60 7
1 27 48 33 21
0 50 35 46 51
6 79 40 4 37
0 18 39 65 11
4 77 23 19 20
4 56 14 3 42
8 43 56 10 19
2 85 76 9 10
2 68 93 10 4
2 39 7 6 68
4 69 1 16 89
10 63 20 3 11
9 47 76 53 19
0 37 75 43 8
8 83 15 1 13
9 11 35 77 65
5 67 80 32 20
8 9 20 81 51
4 35 83 33 1
3 11 55 73 32
0 41 83 57 3
10 4 65 6 28
0 44 34 20 25
7 15 1 29 50
3 69 54 27 18
5 44 78 28 18
3 92 47 6 7
4 0 34 39 1
1 80 93 14 2
7 61 31 26 12
0 12 10 76 23
7 89 49 6 30
3 63 30 16 11
0 53 23 23 18
1 90 15 7 13
6 63 60 9 29
2 30 95 45 4
8 91 63 4 23
